rvec: [1.267466784668999;
 1.195885866135057;
 -1.128077833041258]
tvec: [-0.8901715357308363;
 -0.7668339867979082;
 2.482192451435529]
Image point: [245.84, 192.537] Projected to [245.803, 192.487]
Image point: [283.334, 193.467] Projected to [283.381, 193.516]
Image point: [283.312, 156.371] Projected to [283.266, 156.332]
Image point: [245.546, 155.1] Projected to [245.582, 155.14]
 > world2tag
R: [
	1, 0, 0;
	0, 1, 0;
	0, 0, 1
]
t: 5.32079 4.10515  1.3208
 > cam2tag
R: [
	0.0693277, 0.997524, 0.0118153;
	0.0463663, 0.00860903, -0.998887;
	-0.996516, 0.0697984, -0.0456546
]
t: -0.890172 -0.766834   2.48219
 > tag2cam
R: [
	0.0693277, 0.0463663, -0.996516;
	0.997524, 0.00860903, 0.0697984;
	0.0118153, -0.998887, -0.0456546
]
t:  2.57081 0.721316 -0.64214
 >>> World2cam_singletag:
 R: [
	0.0693277, 0.0463663, -0.996516;
	0.997524, 0.00860903, 0.0697984;
	0.0118153, -0.998887, -0.0456546
]
t:  7.8916 4.82646 0.67866
rvec: [0.06158593552513506;
 2.170087132103886;
 -2.184569047043921]
tvec: [1.985589882224011;
 -0.7980546315531941;
 2.988017514828518]
Image point: [866.617, 218.335] Projected to [866.69, 218.404]
Image point: [889.232, 210.911] Projected to [889.161, 210.847]
Image point: [889.412, 179.495] Projected to [889.482, 179.556]
Image point: [867.077, 188.73] Projected to [867.003, 188.663]
 > world2tag
R: [
	-2.22045e-16, 1, -0;
	-1, -2.22045e-16, 0;
	0, 0, 1
]
t:  1.8415  8.2042 1.35585
 > cam2tag
R: [
	-0.997295, 0.0719269, 0.0151436;
	-0.0156217, -0.00608859, -0.999859;
	-0.0718246, -0.997391, 0.00719574
]
t:   1.98559 -0.798055   2.98802
 > tag2cam
R: [
	-0.997295, -0.0156217, -0.0718246;
	0.0719269, -0.00608859, -0.997391;
	0.0151436, -0.999859, 0.00719574
]
t:   2.18236   2.83255 -0.849512
 >>> World2cam_singletag:
 R: [
	0.0719269, -0.00608859, -0.997391;
	0.997295, 0.0156217, 0.0718246;
	0.0151436, -0.999859, 0.00719574
]
t: 4.67405 6.02184 0.50634
rvec: [1.351704193716331;
 1.76041465404289;
 -1.496606498274289]
tvec: [2.471006337012153;
 -0.8822417952354877;
 3.359809358108618]
Image point: [904.182, 218.232] Projected to [904.191, 218.195]
Image point: [937.293, 213.087] Projected to [937.283, 213.128]
Image point: [937.02, 185.608] Projected to [937.024, 185.565]
Image point: [903.49, 191.249] Projected to [903.487, 191.287]
 > world2tag
R: [
	1, 0, 0;
	0, 1, 0;
	0, 0, 1
]
t: -0.0381 5.54787  1.4511
 > cam2tag
R: [
	-0.411072, 0.879448, -0.239982;
	0.37839, -0.0748931, -0.922612;
	-0.829362, -0.470066, -0.301988
]
t:   2.47101 -0.882242   3.35981
 > tag2cam
R: [
	-0.411072, 0.37839, -0.829362;
	0.879448, -0.0748931, -0.470066;
	-0.239982, -0.922612, -0.301988
]
t:   4.13609 -0.659863  0.793651
 >>> World2cam_singletag:
 R: [
	-0.411072, 0.37839, -0.829362;
	0.879448, -0.0748931, -0.470066;
	-0.239982, -0.922612, -0.301988
]
t: 4.09799   4.888 2.24475
rvec: [1.384070461707233;
 1.77168105713673;
 -1.269694767787271]
tvec: [1.357437502327136;
 -0.8618099429644577;
 4.756179126458245]
Image point: [640.87, 260.67] Projected to [640.801, 260.604]
Image point: [660.536, 259.904] Projected to [660.597, 259.961]
Image point: [660.619, 241.087] Projected to [660.565, 241.027]
Image point: [640.455, 241.816] Projected to [640.515, 241.884]
 > world2tag
R: [
	1, 0, 0;
	0, 1, 0;
	0, 0, 1
]
t: -0.0381 5.54787  1.4511
 > cam2tag
R: [
	-0.316595, 0.940586, -0.122739;
	0.418487, 0.0223799, -0.907947;
	-0.851256, -0.338816, -0.400708
]
t:  1.35744 -0.86181  4.75618
 > tag2cam
R: [
	-0.316595, 0.418487, -0.851256;
	0.940586, 0.0223799, -0.338816;
	-0.122739, -0.907947, -0.400708
]
t: 4.83914 0.35397 1.28997
 >>> World2cam_singletag:
 R: [
	-0.316595, 0.418487, -0.851256;
	0.940586, 0.0223799, -0.338816;
	-0.122739, -0.907947, -0.400708
]
t: 4.80104 5.90184 2.74108
rvec: [1.430341301795139;
 0.8454589565837591;
 -0.7899328221370103]
tvec: [-0.9502469778159094;
 -0.7630994495319623;
 2.054394824112755]
Image point: [177.395, 155.543] Projected to [177.31, 155.577]
Image point: [225.984, 163.076] Projected to [226.063, 163.06]
Image point: [226.457, 118.932] Projected to [226.361, 118.938]
Image point: [177.399, 109.792] Projected to [177.5, 109.768]
 > world2tag
R: [
	1, 0, 0;
	0, 1, 0;
	0, 0, 1
]
t: 5.32079 4.10515  1.3208
 > cam2tag
R: [
	0.499349, 0.866158, 0.020507;
	0.0382895, 0.0015841, -0.999265;
	-0.865555, 0.499767, -0.0323738
]
t: -0.950247 -0.763099   2.05439
 > tag2cam
R: [
	0.499349, 0.0382895, -0.865555;
	0.866158, 0.0015841, 0.499767;
	0.020507, -0.999265, -0.0323738
]
t:   2.28191 -0.202446 -0.676544
 >>> World2cam_singletag:
 R: [
	0.499349, 0.0382895, -0.865555;
	0.866158, 0.0015841, 0.499767;
	0.020507, -0.999265, -0.0323738
]
t:  7.60271   3.9027 0.644256
rvec: [1.364586039607213;
 0.9586904096106054;
 -0.934874384457499]
tvec: [-0.1800369066315094;
 -0.7622080563876816;
 2.021991428205357]
Image point: [403.941, 153.52] Projected to [403.839, 153.63]
Image point: [447.525, 159.077] Projected to [447.609, 158.965]
Image point: [447.961, 114.047] Projected to [447.876, 114.136]
Image point: [403.96, 107.699] Projected to [404.062, 107.611]
 > world2tag
R: [
	1, 0, 0;
	0, 1, 0;
	0, 0, 1
]
t: 5.32079 4.10515  1.3208
 > cam2tag
R: [
	0.345359, 0.938446, 0.00680812;
	0.0167966, 0.0010723, -0.999858;
	-0.93832, 0.345424, -0.0153924
]
t: -0.180037 -0.762208   2.02199
 > tag2cam
R: [
	0.345359, 0.0167966, -0.93832;
	0.938446, 0.0010723, 0.345424;
	0.00680812, -0.999858, -0.0153924
]
t:   1.97226 -0.528672 -0.729751
 >>> World2cam_singletag:
 R: [
	0.345359, 0.0167966, -0.93832;
	0.938446, 0.0010723, 0.345424;
	0.00680812, -0.999858, -0.0153924
]
t:  7.29305  3.57648 0.591049
rvec: [1.346975867728778;
 0.9709897368726649;
 -0.961541392504923]
tvec: [-0.5527945686415994;
 -0.761489475950234;
 1.881512135136285]
Image point: [277.707, 138.209] Projected to [277.726, 138.384]
Image point: [328.338, 144.35] Projected to [328.288, 144.153]
Image point: [328.36, 95.9978] Projected to [328.427, 96.1613]
Image point: [277.885, 89.2727] Projected to [277.85, 89.13]
 > world2tag
R: [
	1, 0, 0;
	0, 1, 0;
	0, 0, 1
]
t: 5.32079 4.10515  1.3208
 > cam2tag
R: [
	0.319838, 0.947464, 0.00396856;
	0.00529591, 0.00240078, -0.999983;
	-0.947457, 0.319854, -0.00424982
]
t: -0.552795 -0.761489   1.88151
 > tag2cam
R: [
	0.319838, 0.00529591, -0.947457;
	0.947464, 0.00240078, 0.319854;
	0.00396856, -0.999983, -0.00424982
]
t:    1.96349 -0.0762273  -0.751287
 >>> World2cam_singletag:
 R: [
	0.319838, 0.00529591, -0.947457;
	0.947464, 0.00240078, 0.319854;
	0.00396856, -0.999983, -0.00424982
]
t:  7.28428  4.02892 0.569513
rvec: [1.38165568329298;
 0.8628662685013003;
 -0.8928441936794381]
tvec: [-2.163061261672084;
 -0.7483095358788945;
 2.947686682782907]
Image point: [20.4909, 221.287] Projected to [20.6324, 221.401]
Image point: [58.5531, 224.36] Projected to [58.3801, 224.231]
Image point: [58.0846, 193.602] Projected to [58.2691, 193.7]
Image point: [20.6983, 190.274] Projected to [20.5455, 190.191]
 > world2tag
R: [
	-0.5, -0.866025, 0;
	0.866025, -0.5, 0;
	0, 0, 1
]
t: 4.64134 4.49834  1.3208
 > cam2tag
R: [
	0.426826, 0.904239, -0.0130951;
	-0.0177824, -0.00608561, -0.999823;
	-0.904159, 0.426983, 0.013482
]
t: -2.16306 -0.74831  2.94769
 > tag2cam
R: [
	0.426826, -0.0177824, -0.904159;
	0.904239, -0.00608561, 0.426983;
	-0.0130951, -0.999823, 0.013482
]
t:   3.57512  0.692757 -0.816244
 >>> World2cam_singletag:
 R: [
	-0.996507, 0.0141615, 0.082301;
	-0.0824774, -0.0123572, -0.996516;
	-0.0130951, -0.999823, 0.013482
]
t:  2.25384  7.24811 0.504556
rvec: [0.8585414964338409;
 1.697728547836247;
 -1.672281857980658]
tvec: [1.455819082369869;
 -0.7633915413871983;
 2.715237142755133]
Image point: [782.639, 210.555] Projected to [782.536, 210.561]
Image point: [820.06, 205.258] Projected to [820.171, 205.272]
Image point: [819.994, 170.812] Projected to [819.868, 170.813]
Image point: [782.07, 177.294] Projected to [782.187, 177.274]
 > world2tag
R: [
	-0.5, 0.866025, -0;
	-0.866025, -0.5, 0;
	0, 0, 1
]
t: 4.64134 3.71323  1.3208
 > cam2tag
R: [
	-0.611291, 0.791037, -0.0241552;
	0.0360979, -0.00262069, -0.999345;
	-0.790582, -0.611763, -0.0269528
]
t:   1.45582 -0.763392   2.71524
 > tag2cam
R: [
	-0.611291, 0.0360979, -0.790582;
	0.791037, -0.00262069, -0.611763;
	-0.0241552, -0.999345, -0.0269528
]
t:    3.0641  0.507473 -0.654543
 >>> World2cam_singletag:
 R: [
	0.990704, -0.0203185, -0.134511;
	0.133875, -0.0299514, 0.990545;
	-0.0241552, -0.999345, -0.0269528
]
t:  3.54877 0.805897 0.666257
rvec: [0.4029039232867764;
 2.068074398374232;
 -2.014792284923253]
tvec: [1.188115805629517;
 -0.7635410366217115;
 3.599612810715317]
Image point: [669.315, 247.207] Projected to [669.392, 247.138]
Image point: [686.169, 243.026] Projected to [686.094, 243.089]
Image point: [685.537, 217.121] Projected to [685.613, 217.056]
Image point: [668.985, 222.053] Projected to [668.907, 222.124]
 > world2tag
R: [
	-0.5, 0.866025, -0;
	-0.866025, -0.5, 0;
	0, 0, 1
]
t: 4.64134 3.71323  1.3208
 > cam2tag
R: [
	-0.936778, 0.348688, -0.0293944;
	0.0384837, 0.0191675, -0.999075;
	-0.347802, -0.937043, -0.0313745
]
t:   1.18812 -0.763541   3.59961
 > tag2cam
R: [
	-0.936778, 0.0384837, -0.347802;
	0.348688, 0.0191675, -0.937043;
	-0.0293944, -0.999075, -0.0313745
]
t:   2.39434   2.97335 -0.614975
 >>> World2cam_singletag:
 R: [
	0.770361, -0.00264231, -0.637602;
	0.63693, -0.0429116, 0.769727;
	-0.0293944, -0.999075, -0.0313745
]
t:  6.01917 0.152997 0.705825
rvec: [0.2542283765071626;
 -2.095047148124898;
 2.0930488786552]
tvec: [2.659851684445771;
 -0.7592993430105487;
 3.953851278639315]
Image point: [878.306, 257.766] Projected to [877.994, 257.877]
Image point: [887.284, 254.123] Projected to [887.584, 254.02]
Image point: [887.92, 230.373] Projected to [887.621, 230.48]
Image point: [877.718, 235.318] Projected to [878.029, 235.202]
 > world2tag
R: [
	-0.5, 0.866025, -0;
	-0.866025, -0.5, 0;
	0, 0, 1
]
t: 4.64134 3.71323  1.3208
 > cam2tag
R: [
	-0.971181, -0.23834, 0.00085818;
	-0.00108562, 0.000822997, -0.999999;
	0.238339, -0.971181, -0.00105803
]
t:   2.65985 -0.759299   3.95385
 > tag2cam
R: [
	-0.971181, -0.00108562, 0.238339;
	-0.23834, 0.000822997, -0.971181;
	0.00085818, -0.999999, -0.00105803
]
t:   1.64002   4.47448 -0.757398
 >>> World2cam_singletag:
 R: [
	0.279182, 0.00125555, -0.960237;
	0.960238, 0.000528675, 0.279183;
	0.00085818, -0.999999, -0.00105803
]
t:  7.69635  0.05569 0.563402
rvec: [1.10296072485792;
 1.538057783273031;
 -1.461516340904193]
tvec: [1.963142039327922;
 -0.7533099234329909;
 3.429564629630115]
Image point: [807.45, 242.568] Projected to [807.578, 242.513]
Image point: [837.986, 240.148] Projected to [837.887, 240.192]
Image point: [837.808, 212.987] Projected to [837.917, 212.973]
Image point: [807.631, 215.719] Projected to [807.494, 215.744]
 > world2tag
R: [
	-0.5, 0.866025, -0;
	-0.866025, -0.5, 0;
	0, 0, 1
]
t: 4.64134 3.71323  1.3208
 > cam2tag
R: [
	-0.363105, 0.930431, -0.0495342;
	0.0969233, -0.0151564, -0.995176;
	-0.926693, -0.366154, -0.084677
]
t:  1.96314 -0.75331  3.42956
 > tag2cam
R: [
	-0.363105, 0.0969233, -0.926693;
	0.930431, -0.0151564, -0.366154;
	-0.0495342, -0.995176, -0.084677
]
t:   3.96399 -0.582235 -0.362028
 >>> World2cam_singletag:
 R: [
	0.987329, -0.0615875, 0.146248;
	-0.150757, -0.0763598, 0.985617;
	-0.0495342, -0.995176, -0.084677
]
t:  2.15511 0.571423 0.958772
rvec: [1.407190432381759;
 0.8933347064091076;
 -0.8599984547131468]
tvec: [1.2695150717775;
 -0.7674918244682931;
 4.495789897980922]
Image point: [640.617, 266.856] Projected to [640.623, 266.781]
Image point: [656.473, 267.944] Projected to [656.468, 268.024]
Image point: [656.769, 247.855] Projected to [656.771, 247.777]
Image point: [640.918, 246.16] Projected to [640.915, 246.234]
 > world2tag
R: [
	1, 0, 0;
	0, 1, 0;
	0, 0, 1
]
t: 5.32079 4.10515  1.3208
 > cam2tag
R: [
	0.431728, 0.901976, 0.00709295;
	0.0271984, -0.00515769, -0.999617;
	-0.901593, 0.431756, -0.0267591
]
t:   1.26952 -0.767492   4.49579
 > tag2cam
R: [
	0.431728, 0.0271984, -0.901593;
	0.901976, -0.00515769, 0.431756;
	0.00709295, -0.999617, -0.0267591
]
t:   3.52616  -3.09011 -0.655899
 >>> World2cam_singletag:
 R: [
	0.431728, 0.0271984, -0.901593;
	0.901976, -0.00515769, 0.431756;
	0.00709295, -0.999617, -0.0267591
]
t:  8.84696  1.01503 0.664901
rvec: [1.371602394749631;
 0.9407847126332725;
 -0.9169397679133621]
tvec: [-0.07800062776041775;
 -0.7726450288753156;
 2.785000124813021]
Image point: [446.956, 208.039] Projected to [447.019, 208.17]
Image point: [477.923, 211.398] Projected to [477.857, 211.243]
Image point: [478.02, 178.506] Projected to [478.107, 178.658]
Image point: [447.332, 175.05] Projected to [447.25, 174.921]
 > world2tag
R: [
	1, 0, 0;
	0, 1, 0;
	0, 0, 1
]
t: 5.32079 4.10515  1.3208
 > cam2tag
R: [
	0.367207, 0.930107, 0.00773208;
	0.0161434, 0.00193857, -0.999868;
	-0.929999, 0.367283, -0.0143033
]
t: -0.0780006  -0.772645      2.785
 > tag2cam
R: [
	0.367207, 0.0161434, -0.929999;
	0.930107, 0.00193857, 0.367283;
	0.00773208, -0.999868, -0.0143033
]
t:   2.63116 -0.948836 -0.732105
 >>> World2cam_singletag:
 R: [
	0.367207, 0.0161434, -0.929999;
	0.930107, 0.00193857, 0.367283;
	0.00773208, -0.999868, -0.0143033
]
t:  7.95196  3.15631 0.588695
rvec: [1.797521972176013;
 1.216550037781197;
 -0.2477969225084271]
tvec: [-1.047629067621166;
 -0.7568428981656148;
 1.858039300775465]
Image point: [113.297, 136.308] Projected to [113.683, 136.397]
Image point: [168.796, 142.365] Projected to [168.405, 142.321]
Image point: [169.066, 94.4295] Projected to [169.373, 94.5081]
Image point: [112.389, 86.0641] Projected to [112.084, 85.944]
 > world2tag
R: [
	1, 0, 0;
	0, 1, 0;
	0, 0, 1
]
t: 5.32079 4.10515  1.3208
 > cam2tag
R: [
	0.490996, 0.814847, 0.308137;
	0.629399, -0.0872544, -0.772168;
	-0.602312, 0.573072, -0.555705
]
t:  -1.04763 -0.756843   1.85804
 > tag2cam
R: [
	0.490996, 0.629399, -0.602312;
	0.814847, -0.0872544, 0.573072;
	0.308137, -0.772168, -0.555705
]
t:   2.10986 -0.277171  0.770925
 >>> World2cam_singletag:
 R: [
	0.490996, 0.629399, -0.602312;
	0.814847, -0.0872544, 0.573072;
	0.308137, -0.772168, -0.555705
]
t: 7.43065 3.82798 2.09172
rvec: [1.255496366069981;
 1.201864903731067;
 -1.154824276034139]
tvec: [-0.4228809594742264;
 -0.7570018783760012;
 3.928364882881391]
Image point: [403.211, 255.659] Projected to [403.304, 255.607]
Image point: [426.727, 255.82] Projected to [426.633, 255.845]
Image point: [426.527, 232.502] Projected to [426.647, 232.476]
Image point: [403.404, 232.143] Projected to [403.285, 232.195]
 > world2tag
R: [
	-0.5, 0.866025, -0;
	-0.866025, -0.5, 0;
	0, 0, 1
]
t: 4.64134 3.71323  1.3208
 > cam2tag
R: [
	0.0472505, 0.998876, 0.00375855;
	0.0361046, 0.00205244, -0.999346;
	-0.99823, 0.0473553, -0.0359671
]
t: -0.422881 -0.757002   3.92836
 > tag2cam
R: [
	0.0472505, 0.0361046, -0.99823;
	0.998876, 0.00205244, 0.0473553;
	0.00375855, -0.999346, -0.0359671
]
t:   3.96873   0.23793 -0.613626
 >>> World2cam_singletag:
 R: [
	0.841427, -0.0162749, 0.540126;
	-0.540358, -0.0322937, 0.840815;
	0.00375855, -0.999346, -0.0359671
]
t:  2.86303 0.157243 0.707174
rvec: [1.803134936914275;
 1.179076764026791;
 -0.7585498124126477]
tvec: [0.3719556005111733;
 -0.7480411827934501;
 3.121451418584382]
Image point: [537.897, 232.238] Projected to [537.792, 232.406]
Image point: [563.381, 228.374] Projected to [563.486, 228.187]
Image point: [564.241, 199.111] Projected to [564.155, 199.289]
Image point: [537.782, 203.316] Projected to [537.868, 203.156]
 > world2tag
R: [
	-0.5, -0.866025, 0;
	0.866025, -0.5, 0;
	0, 0, 1
]
t: 4.64134 4.49834  1.3208
 > cam2tag
R: [
	0.376695, 0.925323, -0.0433414;
	0.423024, -0.213458, -0.880617;
	-0.824107, 0.313389, -0.471842
]
t:  0.371956 -0.748041   3.12145
 > tag2cam
R: [
	0.376695, 0.423024, -0.824107;
	0.925323, -0.213458, 0.313389;
	-0.0433414, -0.880617, -0.471842
]
t:  2.74873 -1.48208 0.830216
 >>> World2cam_singletag:
 R: [
	-0.989701, -0.0266514, 0.14065;
	-0.136434, 0.473078, -0.870392;
	-0.0433414, -0.880617, -0.471842
]
t:  4.5505 7.61986 2.15102
rvec: [1.182488518552266;
 1.240441372307768;
 -1.258934983475309]
tvec: [-2.808177445747676;
 -0.7827783603584272;
 4.933420110764239]
Image point: [129.259, 273.822] Projected to [129.404, 273.819]
Image point: [147.463, 273.529] Projected to [147.312, 273.529]
Image point: [147.104, 255.036] Projected to [147.257, 255.029]
Image point: [129.5, 255.34] Projected to [129.353, 255.35]
 > world2tag
R: [
	-0.5, 0.866025, -0;
	-0.866025, -0.5, 0;
	0, 0, 1
]
t: 4.64134 3.71323  1.3208
 > cam2tag
R: [
	-0.0551729, 0.99845, -0.00731659;
	-0.00745904, -0.0077397, -0.999942;
	-0.998449, -0.0551151, 0.0078745
]
t:  -2.80818 -0.782778   4.93342
 > tag2cam
R: [
	-0.0551729, -0.00745904, -0.998449;
	0.99845, -0.0077397, -0.0551151;
	-0.00731659, -0.999942, 0.0078745
]
t:   4.76499   3.06967 -0.842128
 >>> World2cam_singletag:
 R: [
	0.89227, -0.00297326, 0.451493;
	-0.451444, 0.0103296, 0.89224;
	-0.00731659, -0.999942, 0.0078745
]
t:  4.91726 -1.94822 0.478672
rvec: [1.367948988994881;
 0.8449419555352277;
 -0.8955304890563632]
tvec: [3.95615791312289;
 -0.754222116849392;
 5.67143434578013]
Image point: [893.094, 287.593] Projected to [893.065, 287.407]
Image point: [902.68, 288.057] Projected to [902.71, 288.251]
Image point: [902.117, 272.519] Projected to [902.083, 272.325]
Image point: [892.407, 271.109] Projected to [892.44, 271.295]
 > world2tag
R: [
	0.5, 0.866025, -0;
	-0.866025, 0.5, 0;
	0, 0, 1
]
t: 11.9047 3.71323  1.3208
 > cam2tag
R: [
	0.433244, 0.901143, -0.0154981;
	-0.0368691, 0.000539073, -0.99932;
	-0.900522, 0.433521, 0.0334579
]
t:   3.95616 -0.754222   5.67143
 > tag2cam
R: [
	0.433244, -0.0368691, -0.900522;
	0.901143, 0.000539073, 0.433521;
	-0.0154981, -0.99932, 0.0334579
]
t:  3.36546 -6.02335 -0.88215
 >>> World2cam_singletag:
 R: [
	0.997035, -0.0179677, -0.0748206;
	0.0753709, 0.0321991, 0.996636;
	-0.0154981, -0.99932, 0.0334579
]
t:  8.37109 -2.21302  0.43865
rvec: [-0.1031456222686432;
 -2.336510608659584;
 1.898787750255407]
tvec: [4.019396508596227;
 -0.7646877604220458;
 5.763483904930323]
Image point: [892.496, 287.161] Projected to [892.423, 287.173]
Image point: [902.69, 288.599] Projected to [902.761, 288.588]
Image point: [902.811, 272.594] Projected to [902.741, 272.607]
Image point: [892.277, 271.607] Projected to [892.349, 271.594]
 > world2tag
R: [
	0.5, 0.866025, -0;
	-0.866025, 0.5, 0;
	0, 0, 1
]
t: 11.9047 3.71323  1.3208
 > cam2tag
R: [
	-0.989348, -0.028234, -0.142808;
	0.134015, 0.20642, -0.969242;
	0.0568439, -0.978056, -0.200437
]
t:    4.0194 -0.764688   5.76348
 > tag2cam
R: [
	-0.989348, 0.134015, 0.0568439;
	-0.028234, 0.20642, -0.978056;
	-0.142808, -0.969242, -0.200437
]
t:  3.75144  5.90834 0.988049
 >>> World2cam_singletag:
 R: [
	-0.519125, 0.245772, -0.818599;
	0.842683, -0.0128504, -0.538256;
	-0.142808, -0.969242, -0.200437
]
t: 18.8972 3.41855 2.30885
rvec: [0.2605535652848305;
 2.043059224983566;
 -2.072246140702754]
tvec: [1.24084906388824;
 -0.7471558272835623;
 4.565410519493604]
Image point: [636.914, 272.954] Projected to [636.876, 272.897]
Image point: [647.622, 269.823] Projected to [647.659, 269.876]
Image point: [648.154, 249.674] Projected to [648.116, 249.622]
Image point: [637.287, 253.223] Projected to [637.325, 253.279]
 > world2tag
R: [
	-1, -1.22465e-16, 0;
	1.22465e-16, -1, 0;
	0, 0, 1
]
t: 11.2202 4.10515  1.3208
 > cam2tag
R: [
	-0.960201, 0.277947, 0.0275662;
	-0.0315058, -0.0097165, -0.999456;
	-0.277528, -0.960547, 0.0180867
]
t:   1.24085 -0.747156   4.56541
 > tag2cam
R: [
	-0.960201, -0.0315058, -0.277528;
	0.277947, -0.0097165, -0.960547;
	0.0275662, -0.999456, 0.0180867
]
t:   2.43495   4.03314 -0.863528
 >>> World2cam_singletag:
 R: [
	0.960201, 0.0315058, 0.277528;
	-0.277947, 0.0097165, 0.960547;
	0.0275662, -0.999456, 0.0180867
]
t:   8.78524 0.0720043  0.457272
rvec: [0.8623596886023444;
 1.641181698038768;
 -1.638572637412926]
tvec: [-0.7700933079427787;
 -0.7659283980591718;
 5.215271547849818]
Image point: [384.577, 280.637] Projected to [384.597, 280.914]
Image point: [397.556, 279.86] Projected to [397.535, 279.598]
Image point: [397.488, 261.677] Projected to [397.501, 261.936]
Image point: [384.573, 263.818] Projected to [384.562, 263.543]
 > world2tag
R: [
	-1, -1.22465e-16, 0;
	1.22465e-16, -1, 0;
	0, 0, 1
]
t: 11.2202 4.10515  1.3208
 > cam2tag
R: [
	-0.568599, 0.822613, -0.00161089;
	0.00291968, 5.98575e-05, -0.999996;
	-0.822609, -0.568602, -0.0024358
]
t: -0.770093 -0.765928   5.21527
 > tag2cam
R: [
	-0.568599, 0.00291968, -0.822609;
	0.822613, 5.98575e-05, -0.568602;
	-0.00161089, -0.999996, -0.0024358
]
t:   3.85449   3.59895 -0.754462
 >>> World2cam_singletag:
 R: [
	0.568599, -0.00291968, 0.822609;
	-0.822613, -5.98575e-05, 0.568602;
	-0.00161089, -0.999996, -0.0024358
]
t:   7.3657 0.506201 0.566338
rvec: [1.409860112052495;
 0.7733647636251297;
 -0.7948699019888001]
tvec: [-0.9857352770673627;
 -0.7480602478375159;
 2.328549208462528]
Image point: [204.377, 183.279] Projected to [204.299, 183.32]
Image point: [246.308, 189.626] Projected to [246.38, 189.593]
Image point: [246.553, 151.262] Projected to [246.473, 151.284]
Image point: [204.361, 143.691] Projected to [204.448, 143.66]
 > world2tag
R: [
	-1, -1.22465e-16, 0;
	1.22465e-16, -1, 0;
	0, 0, 1
]
t: 11.2202 4.10515  1.3208
 > cam2tag
R: [
	0.533231, 0.845956, -0.00483942;
	-0.0183592, 0.00585273, -0.999814;
	-0.845771, 0.533221, 0.0186519
]
t: -0.985735  -0.74806   2.32855
 > tag2cam
R: [
	0.533231, -0.0183592, -0.845771;
	0.845956, 0.00585273, 0.533221;
	-0.00483942, -0.999814, 0.0186519
]
t:   2.48131 -0.403364 -0.796124
 >>> World2cam_singletag:
 R: [
	-0.533231, 0.0183592, 0.845771;
	-0.845956, -0.00585273, -0.533221;
	-0.00483942, -0.999814, 0.0186519
]
t:  8.73889  4.50851 0.524676
rvec: [1.542929082253138;
 0.3685960144027423;
 -0.3660644707506723]
tvec: [-1.604015628052878;
 -0.7445159964274516;
 2.882870518918536]
Image point: [130.502, 217.283] Projected to [130.652, 217.306]
Image point: [160.85, 223.797] Projected to [160.697, 223.766]
Image point: [160.503, 192.75] Projected to [160.659, 192.792]
Image point: [130.758, 184.868] Projected to [130.605, 184.835]
 > world2tag
R: [
	0.5, 0.866025, -0;
	-0.866025, 0.5, 0;
	0, 0, 1
]
t: 11.9047 3.71323  1.3208
 > cam2tag
R: [
	0.892358, 0.451327, 0.000747649;
	0.00236276, -0.00301508, -0.999993;
	-0.451322, 0.892353, -0.00375691
]
t:  -1.60402 -0.744516   2.88287
 > tag2cam
R: [
	0.892358, 0.00236276, -0.451322;
	0.451327, -0.00301508, 0.892353;
	0.000747649, -0.999993, -0.00375691
]
t:   2.73422  -1.85085 -0.732481
 >>> World2cam_singletag:
 R: [
	0.83704, -0.00142975, 0.54714;
	-0.547141, -0.00355375, 0.837033;
	0.000747649, -0.999993, -0.00375691
]
t:   11.669   0.4199 0.588319
rvec: [1.125441648213203;
 1.318179536684212;
 -1.346672263562817]
tvec: [-1.706096711867715;
 -0.7537937059559011;
 4.314341283361435]
Image point: [232.779, 265.866] Projected to [232.837, 265.79]
Image point: [252.368, 264.888] Projected to [252.308, 264.958]
Image point: [252.104, 243.849] Projected to [252.169, 243.778]
Image point: [232.771, 244.657] Projected to [232.707, 244.734]
 > world2tag
R: [
	0.5, 0.866025, -0;
	-0.866025, 0.5, 0;
	0, 0, 1
]
t: 11.9047 3.71323  1.3208
 > cam2tag
R: [
	-0.167849, 0.98575, -0.0111018;
	-0.00997773, -0.0129597, -0.999866;
	-0.985762, -0.167716, 0.0120108
]
t:   -1.7061 -0.753794   4.31434
 > tag2cam
R: [
	-0.167849, -0.00997773, -0.985762;
	0.98575, -0.0129597, -0.167716;
	-0.0111018, -0.999866, 0.0120108
]
t:   3.95903    2.3956 -0.824452
 >>> World2cam_singletag:
 R: [
	0.76976, -0.0162123, -0.638127;
	0.638237, 0.00216111, 0.769837;
	-0.0111018, -0.999866, 0.0120108
]
t:  15.9589  1.48241 0.496348
rvec: [0.5562413837915694;
 2.363893492516623;
 -1.70564336504077]
tvec: [1.245695362738321;
 -0.7612541528494102;
 4.19054700404473]
Image point: [650.496, 260.136] Projected to [650.44, 260.097]
Image point: [664.603, 262.904] Projected to [664.658, 262.94]
Image point: [665.285, 240.824] Projected to [665.232, 240.79]
Image point: [650.772, 238.575] Projected to [650.827, 238.612]
 > world2tag
R: [
	-1, -1.22465e-16, 0;
	1.22465e-16, -1, 0;
	0, 0, 1
]
t: 11.2202 4.10515  1.3208
 > cam2tag
R: [
	-0.915165, 0.395864, -0.0759328;
	0.196858, 0.274563, -0.941203;
	-0.35174, -0.876303, -0.329199
]
t:    1.2457 -0.761254   4.19055
 > tag2cam
R: [
	-0.915165, 0.196858, -0.35174;
	0.395864, 0.274563, -0.876303;
	-0.0759328, -0.941203, -0.329199
]
t:  2.76386  3.38808 0.757619
 >>> World2cam_singletag:
 R: [
	0.915165, -0.196858, 0.35174;
	-0.395864, -0.274563, 0.876303;
	-0.0759328, -0.941203, -0.329199
]
t:  8.45634 0.717072  2.07842
rvec: [-0.1880581657790504;
 -2.289772040429917;
 2.256814678880383]
tvec: [2.040173143456046;
 -0.7567322440672061;
 2.740601567875463]
Image point: [911.765, 214.449] Projected to [911.722, 214.557]
Image point: [940.879, 206.878] Projected to [940.92, 206.783]
Image point: [940.511, 172.281] Projected to [940.47, 172.378]
Image point: [911.227, 182.114] Projected to [911.27, 182.004]
 > world2tag
R: [
	0.5, -0.866025, 0;
	0.866025, 0.5, 0;
	0, 0, 1
]
t: 11.9047 4.49834  1.3208
 > cam2tag
R: [
	-0.990079, 0.138147, -0.0256673;
	0.0276673, 0.0125763, -0.999538;
	-0.13776, -0.990332, -0.0162736
]
t:   2.04017 -0.756732    2.7406
 > tag2cam
R: [
	-0.990079, 0.0276673, -0.13776;
	0.138147, 0.0125763, -0.990332;
	-0.0256673, -0.999538, -0.0162736
]
t:   2.41841   2.44178 -0.659417
 >>> World2cam_singletag:
 R: [
	-0.614678, 0.00294228, 0.788773;
	-0.78836, 0.0302487, -0.61447;
	-0.0256673, -0.999538, -0.0162736
]
t:  10.9993  7.81364 0.661383
rvec: [1.503171018844765;
 0.9694572190807031;
 -0.7496121570935593]
tvec: [-2.174138445791717;
 -0.7828713586454498;
 6.269854268821337]
Image point: [264.02, 291.858] Projected to [263.971, 291.764]
Image point: [279.162, 292.113] Projected to [279.199, 292.221]
Image point: [279.337, 277.779] Projected to [279.29, 277.66]
Image point: [263.946, 276.931] Projected to [264.004, 277.037]
 > world2tag
R: [
	-2.22045e-16, 1, -0;
	-1, -2.22045e-16, 0;
	0, 0, 1
]
t: 14.7008  8.2042 1.35585
 > cam2tag
R: [
	0.456868, 0.887591, 0.0587775;
	0.166482, -0.0204097, -0.985833;
	-0.873817, 0.460181, -0.157092
]
t:  -2.17414 -0.782871   6.26985
 > tag2cam
R: [
	0.456868, 0.166482, -0.873817;
	0.887591, -0.0204097, 0.460181;
	0.0587775, -0.985833, -0.157092
]
t:   6.60233 -0.971499  0.340956
 >>> World2cam_singletag:
 R: [
	0.887591, -0.0204097, 0.460181;
	-0.456868, -0.166482, 0.873817;
	0.0587775, -0.985833, -0.157092
]
t: 13.7293 1.60187 1.69681
rvec: [1.504958082352946;
 0.5313263469542192;
 -0.5321960281780655]
tvec: [-0.7419743770741393;
 -0.7570893404991603;
 1.825629424972597]
Image point: [211.488, 128.681] Projected to [211.495, 128.548]
Image point: [258.805, 142.89] Projected to [258.802, 143.049]
Image point: [258.777, 94.7551] Projected to [258.769, 94.602]
Image point: [211.455, 76.7219] Projected to [211.459, 76.8484]
 > world2tag
R: [
	0.5, 0.866025, -0;
	-0.866025, 0.5, 0;
	0, 0, 1
]
t: 11.9047 3.71323  1.3208
 > cam2tag
R: [
	0.777942, 0.628335, -0.000631948;
	-0.000395678, -0.000515861, -1;
	-0.628336, 0.777942, -0.000152691
]
t: -0.741974 -0.757089   1.82563
 > tag2cam
R: [
	0.777942, -0.000395678, -0.628336;
	0.628335, -0.000515861, 0.777942;
	-0.000631948, -1, -0.000152691
]
t:   1.72402 -0.954416 -0.757279
 >>> World2cam_singletag:
 R: [
	0.933126, -0.000644587, 0.35955;
	-0.35955, 8.47367e-05, 0.933126;
	-0.000631948, -1, -0.000152691
]
t:  11.9402  1.74297 0.563521
rvec: [1.306137686802932;
 1.0132083008382;
 -1.024856075155718]
tvec: [0.981323121267507;
 -0.7424098870810701;
 3.208580800080454]
Image point: [650.067, 234.234] Projected to [650.08, 234.234]
Image point: [675.485, 235.858] Projected to [675.472, 235.858]
Image point: [675.382, 207.657] Projected to [675.394, 207.658]
Image point: [650.031, 205.699] Projected to [650.017, 205.698]
 > world2tag
R: [
	-1, -1.22465e-16, 0;
	1.22465e-16, -1, 0;
	0, 0, 1
]
t: 11.2202 4.10515  1.3208
 > cam2tag
R: [
	0.250301, 0.968166, 0.00170246;
	-0.0127683, 0.00505929, -0.999906;
	-0.968084, 0.250256, 0.0136282
]
t: 0.981323 -0.74241  3.20858
 > tag2cam
R: [
	0.250301, -0.0127683, -0.968084;
	0.968166, 0.00505929, 0.250256;
	0.00170246, -0.999906, 0.0136282
]
t:   2.85107   -1.7493 -0.787738
 >>> World2cam_singletag:
 R: [
	-0.250301, 0.0127683, 0.968084;
	-0.968166, -0.00505929, -0.250256;
	0.00170246, -0.999906, 0.0136282
]
t:  8.36913  5.85444 0.533062
rvec: [0.6579001933874369;
 1.850810882374798;
 -1.836579854547577]
tvec: [1.354820975164805;
 -0.7597301362992313;
 1.920407497711916]
Image point: [875.239, 152.585] Projected to [875.48, 152.78]
Image point: [931.555, 139.689] Projected to [931.301, 139.498]
Image point: [930.73, 90.0134] Projected to [930.989, 90.1606]
Image point: [875.375, 106.589] Projected to [875.129, 106.441]
 > world2tag
R: [
	0.5, 0.866025, -0;
	-0.866025, 0.5, 0;
	0, 0, 1
]
t: 11.9047 3.71323  1.3208
 > cam2tag
R: [
	-0.785682, 0.618412, -0.0164636;
	0.0212365, 0.000364094, -0.999774;
	-0.618266, -0.785854, -0.0134189
]
t:  1.35482 -0.75973  1.92041
 > tag2cam
R: [
	-0.785682, 0.0212365, -0.618266;
	0.618412, 0.000364094, -0.785854;
	-0.0164636, -0.999774, -0.0134189
]
t:   2.26792  0.671599 -0.711484
 >>> World2cam_singletag:
 R: [
	0.14272, 0.0109335, -0.989703;
	0.989626, -0.0182093, 0.142507;
	-0.0164636, -0.999774, -0.0134189
]
t:  13.6203  2.08495 0.609316
rvec: [0.4018410159113698;
 1.999320449925238;
 -2.012211368708759]
tvec: [0.2047398743594791;
 -0.7514334377198177;
 2.464264931601036]
Image point: [521.015, 199.773] Projected to [521.054, 199.967]
Image point: [538.186, 190.511] Projected to [538.148, 190.341]
Image point: [537.992, 152.099] Projected to [538.025, 152.268]
Image point: [520.978, 164.195] Projected to [520.943, 164.004]
 > world2tag
R: [
	0.5, 0.866025, -0;
	-0.866025, 0.5, 0;
	0, 0, 1
]
t: 11.9047 3.71323  1.3208
 > cam2tag
R: [
	-0.92337, 0.383902, -0.00265657;
	0.000189231, -0.00646463, -0.999979;
	-0.383911, -0.923351, 0.0058966
]
t:   0.20474 -0.751433   2.46426
 > tag2cam
R: [
	-0.92337, 0.000189231, -0.383911;
	0.383902, -0.00646463, -0.923351;
	-0.00265657, -0.999979, 0.0058966
]
t:   1.13525   2.19192 -0.765405
 >>> World2cam_singletag:
 R: [
	-0.129216, -0.00550392, -0.991601;
	0.991613, -0.0033962, -0.129199;
	-0.00265657, -0.999979, 0.0058966
]
t:  14.3706  3.82603 0.555395
rvec: [-0.4921340023738691;
 -2.402551137935443;
 2.393106425454259]
tvec: [1.363939150828321;
 -0.7538707176545805;
 3.414349861263804]
Image point: [708.993, 242.737] Projected to [708.936, 242.93]
Image point: [729.243, 238.323] Projected to [729.298, 238.149]
Image point: [729.417, 210.646] Projected to [729.357, 210.822]
Image point: [708.927, 216.896] Projected to [708.989, 216.702]
 > world2tag
R: [
	1, 0, 0;
	0, 1, 0;
	0, 0, 1
]
t: 5.32079 4.10515  1.3208
 > cam2tag
R: [
	-0.919244, 0.393688, 0.000555813;
	0.000994867, 0.00373477, -0.999993;
	-0.393687, -0.919237, -0.00382483
]
t:   1.36394 -0.753871   3.41435
 > tag2cam
R: [
	-0.919244, 0.000994867, -0.393687;
	0.393688, 0.00373477, -0.919237;
	0.000555813, -0.999993, -0.00382483
]
t:   2.59873   2.60444 -0.741564
 >>> World2cam_singletag:
 R: [
	-0.919244, 0.000994867, -0.393687;
	0.393688, 0.00373477, -0.919237;
	0.000555813, -0.999993, -0.00382483
]
t:  7.91952  6.70959 0.579236
rvec: [0.10288784741014;
 -2.189733178629912;
 2.219654717011788]
tvec: [3.227678878965718;
 -0.7784353669465566;
 5.275625960600831]
Image point: [841.359, 280.927] Projected to [841.319, 280.983]
Image point: [850.779, 278.483] Projected to [850.818, 278.431]
Image point: [851.273, 260.859] Projected to [851.235, 260.912]
Image point: [841.688, 264.018] Projected to [841.728, 263.961]
 > world2tag
R: [
	1, 0, 0;
	0, 1, 0;
	0, 0, 1
]
t: 5.32079 4.10515  1.3208
 > cam2tag
R: [
	-0.997585, -0.0618846, 0.0315438;
	-0.030701, -0.0145222, -0.999423;
	0.062307, -0.997978, 0.0125872
]
t:   3.22768 -0.778435   5.27563
 > tag2cam
R: [
	-0.997585, -0.030701, 0.062307;
	-0.0618846, -0.0145222, -0.997978;
	0.0315438, -0.999423, 0.0125872
]
t:   2.86728    5.4534 -0.946205
 >>> World2cam_singletag:
 R: [
	-0.997585, -0.030701, 0.062307;
	-0.0618846, -0.0145222, -0.997978;
	0.0315438, -0.999423, 0.0125872
]
t:  8.18807  9.55854 0.374595
rvec: [1.374672488541465;
 0.8344062026621062;
 -0.8501704017562509]
tvec: [3.519473568952428;
 -0.7591445270481447;
 4.856873978489258]
Image point: [908.795, 274.486] Projected to [908.781, 274.434]
Image point: [919.069, 275.92] Projected to [919.083, 275.975]
Image point: [918.823, 257.448] Projected to [918.808, 257.394]
Image point: [908.496, 255.528] Projected to [908.511, 255.58]
 > world2tag
R: [
	-0.5, -0.866025, 0;
	0.866025, -0.5, 0;
	0, 0, 1
]
t: 4.64134 4.49834  1.3208
 > cam2tag
R: [
	0.465774, 0.884892, 0.00467293;
	-0.0212322, 0.0164547, -0.999639;
	-0.884649, 0.465506, 0.0264524
]
t:   3.51947 -0.759145   4.85687
 > tag2cam
R: [
	0.465774, -0.0212322, -0.884649;
	0.884892, 0.0164547, 0.465506;
	0.00467293, -0.999639, 0.0264524
]
t:   2.64123  -5.36277 -0.903793
 >>> World2cam_singletag:
 R: [
	-0.999225, -0.00363411, 0.0391842;
	-0.0390739, -0.026615, -0.998882;
	0.00467293, -0.999639, 0.0264524
]
t:  7.96502   9.4671 0.417007
rvec: [0.08355834783066367;
 -2.182540135179952;
 2.188256655093356]
tvec: [2.771910581980028;
 -0.7389699664890476;
 4.590464502086855]
Image point: [836.333, 274.312] Projected to [836.239, 274.424]
Image point: [846.674, 271.609] Projected to [846.765, 271.504]
Image point: [846.886, 251.18] Projected to [846.796, 251.286]
Image point: [836.176, 254.977] Projected to [836.27, 254.864]
 > world2tag
R: [
	1, 0, 0;
	0, 1, 0;
	0, 0, 1
]
t: 5.32079 4.10515  1.3208
 > cam2tag
R: [
	-0.997298, -0.0733944, 0.00306396;
	-0.00287197, -0.00272131, -0.999992;
	0.0734022, -0.997299, 0.00250317
]
t:  2.77191 -0.73897  4.59046
 > tag2cam
R: [
	-0.997298, -0.00287197, 0.0734022;
	-0.0733944, -0.00272131, -0.997299;
	0.00306396, -0.999992, 0.00250317
]
t:   2.42535    4.7795 -0.758948
 >>> World2cam_singletag:
 R: [
	-0.997298, -0.00287197, 0.0734022;
	-0.0733944, -0.00272131, -0.997299;
	0.00306396, -0.999992, 0.00250317
]
t:  7.74614  8.88465 0.561852
rvec: [0.07854982800905204;
 2.42047860089913;
 -2.085630355928784]
tvec: [3.955033230761572;
 -0.7567675698764349;
 6.076390944619582]
Image point: [864.723, 292.207] Projected to [864.676, 292.139]
Image point: [874.312, 292.63] Projected to [874.358, 292.694]
Image point: [874.768, 277.47] Projected to [874.722, 277.407]
Image point: [864.949, 277.158] Projected to [864.996, 277.225]
 > world2tag
R: [
	-0.5, -0.866025, 0;
	0.866025, -0.5, 0;
	0, 0, 1
]
t: 4.64134 4.49834  1.3208
 > cam2tag
R: [
	-0.99731, 0.00167874, -0.0732752;
	0.0727186, 0.147742, -0.986349;
	0.00917004, -0.989024, -0.147467
]
t:   3.95503 -0.756768   6.07639
 > tag2cam
R: [
	-0.99731, 0.0727186, 0.00917004;
	0.00167874, 0.147742, -0.989024;
	-0.0732752, -0.986349, -0.147467
]
t:  3.94371  6.11487 0.439437
 >>> World2cam_singletag:
 R: [
	0.497201, -0.164308, 0.851935;
	-0.864535, -0.0108951, 0.502454;
	-0.0732752, -0.986349, -0.147467
]
t: -2.62614  4.85626  1.76024
rvec: [1.157322750626413;
 1.262446830797297;
 -1.286165041447445]
tvec: [2.052662550420038;
 -0.7357212857790992;
 6.500140340892295]
Image point: [661.632, 298.976] Projected to [661.645, 298.797]
Image point: [676.051, 298.4] Projected to [676.045, 298.593]
Image point: [675.929, 284.741] Projected to [675.921, 284.556]
Image point: [661.526, 284.618] Projected to [661.526, 284.789]
 > world2tag
R: [
	-1, -1.22465e-16, 0;
	1.22465e-16, -1, 0;
	0, 0, 1
]
t: 11.2202 4.10515  1.3208
 > cam2tag
R: [
	-0.0907096, 0.99587, -0.00394249;
	-0.0145924, -0.00528752, -0.99988;
	-0.99577, -0.0906412, 0.0150117
]
t:   2.05266 -0.735721   6.50014
 > tag2cam
R: [
	-0.0907096, -0.0145924, -0.99577;
	0.99587, -0.00528752, -0.0906412;
	-0.00394249, -0.99988, 0.0150117
]
t:   6.64811  -1.45889 -0.825118
 >>> World2cam_singletag:
 R: [
	0.0907096, 0.0145924, 0.99577;
	-0.99587, 0.00528752, 0.0906412;
	-0.00394249, -0.99988, 0.0150117
]
t:  4.57209  5.56404 0.495682
rvec: [1.049576866203064;
 1.454502592185108;
 -1.44228292803534]
tvec: [0.8485486799943194;
 -0.7595516941521467;
 1.671256516554009]
Image point: [753.886, 118.138] Projected to [753.929, 118.216]
Image point: [814.629, 111.063] Projected to [814.577, 110.973]
Image point: [814.576, 55.1258] Projected to [814.641, 55.205]
Image point: [753.979, 64.1325] Projected to [753.923, 64.0654]
 > world2tag
R: [
	-1, -1.22465e-16, 0;
	1.22465e-16, -1, 0;
	0, 0, 1
]
t: 11.2202 4.10515  1.3208
 > cam2tag
R: [
	-0.320712, 0.947158, -0.00592409;
	0.0139146, -0.00154242, -0.999902;
	-0.947075, -0.320763, -0.0126847
]
t:  0.848549 -0.759552   1.67126
 > tag2cam
R: [
	-0.320712, 0.0139146, -0.947075;
	0.947158, -0.00154242, -0.320763;
	-0.00592409, -0.999902, -0.0126847
]
t:   1.86551 -0.268805 -0.733251
 >>> World2cam_singletag:
 R: [
	0.320712, -0.0139146, 0.947075;
	-0.947158, 0.00154242, 0.320763;
	-0.00592409, -0.999902, -0.0126847
]
t:  9.35468  4.37395 0.587549
rvec: [0.9405649699063662;
 1.533790803577035;
 -1.535582042130301]
tvec: [0.8540880514353824;
 -0.7576183833296439;
 2.015859904612206]
Image point: [709.175, 160.313] Projected to [709.095, 160.078]
Image point: [758.133, 153.369] Projected to [758.248, 153.604]
Image point: [758.735, 107.885] Projected to [758.613, 107.692]
Image point: [709.392, 115.48] Projected to [709.48, 115.672]
 > world2tag
R: [
	-0.5, -0.866025, 0;
	0.866025, -0.5, 0;
	0, 0, 1
]
t: 4.64134 4.49834  1.3208
 > cam2tag
R: [
	-0.442658, 0.896611, 0.0119181;
	-0.0129645, 0.0068903, -0.999892;
	-0.896597, -0.442764, 0.00857412
]
t:  0.854088 -0.757618   2.01586
 > tag2cam
R: [
	-0.442658, -0.0129645, -0.896597;
	0.896611, 0.0068903, -0.442764;
	0.0119181, -0.999892, 0.00857412
]
t:  2.17566 0.131986   -0.785
 >>> World2cam_singletag:
 R: [
	-0.555159, 0.000515103, 0.831744;
	-0.831659, -0.0146728, -0.555093;
	0.0119181, -0.999892, 0.00857412
]
t: 3.43921 6.31652  0.5358
rvec: [1.310663243719571;
 1.193485768694346;
 -1.120837372491366]
tvec: [0.363697373725351;
 -0.7598261211024554;
 2.701184303687455]
Image point: [543.567, 208.052] Projected to [543.539, 208.04]
Image point: [576.759, 208.195] Projected to [576.786, 208.213]
Image point: [576.889, 173.905] Projected to [576.857, 173.884]
Image point: [543.438, 173.534] Projected to [543.472, 173.548]
 > world2tag
R: [
	-1, -1.22465e-16, 0;
	1.22465e-16, -1, 0;
	0, 0, 1
]
t: 11.2202 4.10515  1.3208
 > cam2tag
R: [
	0.0843095, 0.996391, -0.00979878;
	0.0722729, -0.0159227, -0.997258;
	-0.993815, 0.0833702, -0.0733545
]
t:  0.363697 -0.759826   2.70118
 > tag2cam
R: [
	0.0843095, 0.0722729, -0.993815;
	0.996391, -0.0159227, 0.0833702;
	-0.00979878, -0.997258, -0.0733545
]
t:   2.70873 -0.599682 -0.556035
 >>> World2cam_singletag:
 R: [
	-0.0843095, -0.0722729, 0.993815;
	-0.996391, 0.0159227, -0.0833702;
	-0.00979878, -0.997258, -0.0733545
]
t:  8.51147  4.70483 0.764765
rvec: [1.465229675944172;
 0.653416781592509;
 -0.6653888824087155]
tvec: [1.156723198602169;
 -0.7671712867307098;
 3.953387955400258]
Image point: [648.55, 253.369] Projected to [648.481, 253.411]
Image point: [661.199, 256.13] Projected to [661.268, 256.085]
Image point: [661.17, 233.263] Projected to [661.102, 233.305]
Image point: [648.245, 230.082] Projected to [648.313, 230.042]
 > world2tag
R: [
	0.5, 0.866025, -0;
	-0.866025, 0.5, 0;
	0, 0, 1
]
t: 11.9047 3.71323  1.3208
 > cam2tag
R: [
	0.664046, 0.747671, -0.00557385;
	-0.00800064, -0.000348925, -0.999968;
	-0.747649, 0.66407, 0.00575014
]
t:   1.15672 -0.767171   3.95339
 > tag2cam
R: [
	0.664046, -0.00800064, -0.747649;
	0.747671, -0.000348925, 0.66407;
	-0.00557385, -0.999968, 0.00575014
]
t:   2.18149  -3.49044 -0.783432
 >>> World2cam_singletag:
 R: [
	0.979525, -0.0043025, 0.201277;
	-0.201246, 0.00675429, 0.979518;
	-0.00557385, -0.999968, 0.00575014
]
